11a [6.362613894045353, 8.603539619594812, 10.0355090983212, 11.451258610934019, 13.568639058619738]
14a [5.579286817461252, 7.575711000710726, 9.76554711908102, 11.231361415237188, 12.305260989814997]
37a [0.0, 5.003170013427734, 6.870391216129065, 8.014330808073282, 9.93309835344553]
43a [0.0, 4.494720274582505, 6.82871744595468, 7.864423202350736, 9.20679535716772]
389a [0.0, 0.0, 2.8760990714654326, 4.416896084323525, 5.793402634561062]
433a [0.0, 0.0, 3.1365346796810627, 4.5375458635389805, 5.169763350859284]
5077a [0.0, 0.0, 0.0, 2.0524728586897254, 3.262443555518985]
11197a [0.0, 0.0, 0.0, 1.8554077581502497, 3.029214703477919]
816b [1.2692623282782733, 2.350583976134658, 4.025563541799784, 5.130012210458517, 5.676367320120335]
5423a [0.5859563234262168, 2.302185325883329, 2.700583324767649, 3.940995787270367, 4.610489625483751]
2340i [0.0, 1.6718341773375869, 2.679401818662882, 3.6105474773794413, 4.670809743925929]
2379b [1.137071965727955, 2.3389252219349146, 3.375440844334662, 4.10394692607224, 4.878168355673552]
2432d [0.0, 0.0, 2.3362140227109194, 3.3978522224351764, 3.8313118126243353]
29862s [0.5711955029983073, 1.655391895212233, 1.8113069790415466, 3.1190561316907406, 3.346463426016271]
3776h [0.0, 0.0, 2.054396456107497, 3.141788980923593, 3.8495810832828283]
128b [1.7370368549600244, 4.433244049549103, 5.591008331626654, 6.3987149856984615, 7.98420780710876]
160a [0.0, 3.01064345985651, 4.888475554063916, 5.702434632927179, 7.052696753293276]
192a [0.0, 3.0057116309180856, 4.311587892472744, 5.770924737676978, 6.809468979015946]
10336d [0.0, 1.4732015319168568, 1.9127405788749456, 3.2230458315461874, 3.4976210901513696]

